[64, 51, 52, 53, 53]
[64, 51, 52, 53, 53]
[64, 51, 52, 53, 53]
[64, 51, 52, 53, 53]
[64, 51, 52, 53, 53]
[64, 51, 52, 53, 53]
[64, 51, 52, 53, 53]
[64, 51, 52, 53, 53]
[64, 51, 52, 53, 53]
[64, 51, 52, 53, 53]
[64, 51, 52, 53, 53]
[64, 51, 52, 53, 53]
[64, 51, 52, 53, 53]
[64, 51, 52, 53, 53]
[64, 51, 52, 53, 53]
[64, 51, 52, 53, 53]
[64, 51, 52, 53, 53]
[64, 51, 52, 53, 53]
[64, 51, 52, 53, 53]
[64, 51, 52, 53, 53]
[64, 51, 52, 53, 53]
[64, 51, 52, 53, 53]
[64, 51, 52, 53, 53]
[64, 51, 52, 53, 53]
[64, 51, 52, 53, 53]
[64, 51, 52, 53, 53]
[64, 51, 52, 53, 53]
[64, 51, 52, 53, 53]
[111, 127]
[29, 17]
[109, 13, 50, 21, 69]
[115, 96, 73, 19, 79]
[84, 46, 108, 77, 15, 43, 69, 24, 46, 77, 14, 3, 2, 90, 17, 72, 103, 0, 13, 52, 29, 84, 16, 106, 16, 64, 44, 95, 87, 79, 25, 79, 66, 34, 44, 59, 40, 104, 5, 74, 114, 119, 102, 97, 69, 119, 28, 106, 94, 87, 117]
[43, 63, 39, 2, 98, 34, 46]
[34, 44, 20, 9, 23, 96, 34]
[90, 67, 46, 30]
[49, 50, 51, 52]
[48, 48, 48, 48]
[76, 101, 120, 120]
[74, 6, 93, 80, 32, 84, 79, 85, 43, 99, 109, 28, 13, 93, 97, 80, 23, 90, 14, 119, 42, 114, 47, 124, 31, 75, 90, 77, 1, 78, 53, 106, 67, 33, 81, 62, 23, 11, 111, 44, 26, 9, 52, 78, 22, 8, 98, 12, 27, 95, 77, 101, 102, 52, 121, 105, 23, 39, 112, 19, 63, 62, 87, 62, 97, 87, 22, 54, 65, 15, 110, 112, 10, 91, 87, 19, 45, 67, 86, 92, 116, 125, 106, 8, 106, 97, 2, 100, 124, 52, 101, 48, 63, 52, 86, 62, 86, 98, 71, 101, 69, 91, 93, 116, 75, 67, 120, 1, 26, 56, 111, 10, 104, 47, 20, 3, 13, 47, 12, 57, 61, 60, 81, 54, 73, 27, 38, 83, 51, 62, 75, 36, 119, 95, 15, 77, 86, 10, 111, 88, 68, 92, 47, 59, 104, 68, 13, 47, 47, 78, 4, 73, 70, 69, 89, 28, 50, 19, 53, 101, 109]
[68, 7, 54, 75, 80]
[49, 49]
[46, 101, 72, 43, 102]
[109, 109, 109]
[79, 114, 40, 115, 85, 8, 28, 63, 79, 37, 80, 30, 99, 108, 102, 27, 88, 15, 75, 127, 113, 118, 47, 54, 60, 7, 40, 50, 102, 75, 62, 8, 115, 95, 16, 103, 60, 114, 81, 46, 115, 90, 65, 60, 90, 52, 96, 113, 60, 103, 106, 10, 52, 30, 69, 99, 97, 62, 16, 119, 92, 78, 2, 79, 60, 61, 9, 19, 112, 91, 9, 33, 2, 91, 88, 114, 53, 3, 103, 29, 26, 4, 27, 57, 76, 41, 55, 25, 106, 108, 24, 26, 118, 127, 22, 68, 120, 56, 95, 48, 97, 91, 27, 82, 42, 54, 90, 107, 69, 107, 17, 21, 41, 38, 100, 127, 93, 36, 116, 17, 64, 3, 50, 31, 48, 14, 90, 60, 105, 106, 81, 49, 36, 29, 119, 15, 38, 3, 18, 60, 106, 24, 32, 105, 66, 44, 77, 41, 18, 65, 69, 115, 49, 127, 68, 2, 7, 22, 47, 22, 120]
[79, 84, 68, 55, 101, 20, 31]
[99, 79, 68, 86, 86, 127, 43]
[49, 49, 49, 49, 49]
[50, 50, 50, 50, 50]
[49, 50, 51, 52, 53]
[20, 75, 2, 98, 93, 20, 107, 77, 118, 7, 101, 95, 88, 46, 103, 7, 70, 44, 118, 73, 41, 51, 116, 33, 106, 14, 127, 120, 115, 20, 10, 84, 57, 62, 7, 66, 37, 83, 3, 63, 123, 33, 50, 118, 58, 94, 63, 14, 60, 2, 107, 112, 90, 126, 113, 17, 70, 46, 5, 96, 11, 114, 53, 109, 87, 123, 123, 74, 111, 115, 76, 109, 16, 60, 7, 100, 13, 100, 0, 32, 61, 30, 76, 10, 12, 82, 49, 42, 61, 108, 42, 85, 90, 6, 110, 44, 24, 59, 21, 101, 54, 126, 26, 97, 75, 85, 105, 23, 59, 113, 51, 81, 12, 23, 35, 85, 38, 98, 125, 98, 7, 123, 110, 31, 53, 45, 25, 25, 12, 35, 35, 49, 102, 121, 91, 18, 53, 118, 126, 85, 121, 64, 96, 30, 17, 88, 68, 68, 6, 57, 43, 10, 127, 65, 94, 11, 0, 87, 46, 95, 6]
[49, 49, 49, 49]
[97, 97, 97, 97, 97]
[49, 50, 51, 52, 122]
[49, 122, 122, 122, 122]
[49, 50, 51, 76]
[50, 122, 122, 122, 122]
